[gd_resource type="Skin" format=3 uid="uid://kpmdglbk8mk"]

[resource]
resource_name = "Skin"
bind_count = 52
bind/0/name = &"B_L_Thigh"
bind/0/bone = -1
bind/0/pose = Transform3D(4.98759e-08, -0.0998331, -0.995004, -5.72237e-06, -0.995004, 0.0998331, -1, 5.6888e-06, -6.20909e-07, 1.29977, -0.133735, 0.151057)
bind/1/name = &"B_Pelvis"
bind/1/bone = -1
bind/1/pose = Transform3D(6.12323e-17, 6.12323e-17, 1, 2.75771e-06, -1, 6.12322e-17, 1, 2.75771e-06, -6.12325e-17, -1.30663, -0.00330811, 9.1228e-09)
bind/2/name = &"B_R_Thigh"
bind/2/bone = -1
bind/2/pose = Transform3D(1.51332e-07, -0.0998331, -0.995004, 6.14116e-06, -0.995004, 0.0998331, -1, -6.12559e-06, 4.62515e-07, 1.29977, -0.133736, -0.151057)
bind/3/name = &"B_L_Calf"
bind/3/bone = -1
bind/3/pose = Transform3D(-2.23848e-07, 0.0998335, -0.995004, 2.309e-06, -0.995004, -0.0998335, -1, -2.31982e-06, -7.78598e-09, 0.75208, 0.0159973, 0.151056)
bind/4/name = &"B_L_Finger42"
bind/4/bone = -1
bind/4/pose = Transform3D(-0.360282, -0.0851102, -0.928953, -0.932633, 0.0540327, 0.356759, 0.0198301, 0.994905, -0.0988435, 1.14035, 0.124661, 0.0502676)
bind/5/name = &"B_L_Finger02"
bind/5/bone = -1
bind/5/pose = Transform3D(-0.387958, 0.126964, -0.91289, -0.441461, 0.843862, 0.304975, 0.809074, 0.521322, -0.271334, 1.17759, -0.0210337, -0.014344)
bind/6/name = &"B_R_Calf"
bind/6/bone = -1
bind/6/pose = Transform3D(-2.23848e-07, 0.0998335, -0.995004, 1.35533e-06, -0.995004, -0.0998335, -1, -1.37091e-06, 8.74227e-08, 0.75208, 0.0159975, -0.151056)
bind/7/name = &"B_R_Finger42"
bind/7/bone = -1
bind/7/pose = Transform3D(0.360282, -0.0851094, -0.928952, 0.932632, 0.0540369, 0.356758, 0.0198342, -0.994904, 0.0988442, 1.14035, 0.124661, -0.0502675)
bind/8/name = &"B_R_Finger02"
bind/8/bone = -1
bind/8/pose = Transform3D(0.387958, 0.126965, -0.91289, 0.441458, 0.843863, 0.304974, 0.809076, -0.52132, 0.271334, 1.17759, -0.0210336, 0.0143437)
bind/9/name = &"Motion"
bind/9/bone = -1
bind/9/pose = Transform3D(6.12323e-17, -1, 6.12323e-17, 1, 6.12323e-17, 6.12323e-17, -6.12323e-17, 6.12323e-17, 1, 0.0017329, -9.92585e-09, 6.07783e-25)
bind/10/name = &"B_L_Foot"
bind/10/bone = -1
bind/10/pose = Transform3D(6.12323e-17, -6.12323e-17, -1, 1.37091e-06, -1, 6.12324e-17, -1, -1.37091e-06, -6.12323e-17, 0.19321, -0.00330792, 0.151056)
bind/11/name = &"B_R_Foot"
bind/11/bone = -1
bind/11/pose = Transform3D(6.12323e-17, -6.12323e-17, -1, 1.31284e-06, -1, 6.12324e-17, -1, -1.31284e-06, -6.12323e-17, 0.19321, -0.00330793, -0.151056)
bind/12/name = &"B_L_Toe0"
bind/12/bone = -1
bind/12/pose = Transform3D(6.12323e-17, -1, 6.12323e-17, -5.98908e-14, 6.12323e-17, 1, -1, -6.12323e-17, -5.98908e-14, -0.253844, -0.0223292, 0.151056)
bind/13/name = &"B_R_Toe0"
bind/13/bone = -1
bind/13/pose = Transform3D(6.12323e-17, -1, 6.12323e-17, -1.06391e-07, 6.12323e-17, 1, -1, -6.12323e-17, -1.06391e-07, -0.253844, -0.0223293, -0.151056)
bind/14/name = &"B_L_Clavicle"
bind/14/bone = -1
bind/14/pose = Transform3D(1, 1.37091e-06, -4.37113e-08, -1.37091e-06, 1, 1.94159e-16, 4.37113e-08, 5.973e-14, 1, -0.0577138, 0.00330819, -1.94149)
bind/15/name = &"B_Neck"
bind/15/bone = -1
bind/15/pose = Transform3D(6.12323e-17, 6.12323e-17, 1, -1.40265e-06, -1, 6.12324e-17, 1, -1.40265e-06, -6.12323e-17, -1.97931, -0.00320611, -4.35709e-09)
bind/16/name = &"B_Head"
bind/16/bone = -1
bind/16/pose = Transform3D(6.12323e-17, 6.12323e-17, 1, -1.34309e-06, -1, 6.12324e-17, 1, -1.34309e-06, -6.12323e-17, -2.10752, -0.0033082, -4.44321e-09)
bind/17/name = &"B_R_Clavicle"
bind/17/bone = -1
bind/17/pose = Transform3D(-1, -1.37091e-06, -4.37114e-08, -1.37091e-06, 1, 1.74846e-07, 4.37112e-08, 1.74846e-07, -1, -0.0577138, 0.00330785, 1.94149)
bind/18/name = &"B_L_Finger0"
bind/18/bone = -1
bind/18/pose = Transform3D(-0.147857, -0.266275, -0.952489, -0.568803, 0.810753, -0.138355, 0.809074, 0.521322, -0.271334, 1.18232, 0.525227, -0.0143441)
bind/19/name = &"B_R_Finger0"
bind/19/bone = -1
bind/19/pose = Transform3D(0.147858, -0.266274, -0.952489, 0.568801, 0.810755, -0.138355, 0.809076, -0.52132, 0.271334, 1.18232, 0.525227, 0.0143444)
bind/20/name = &"B_Spine"
bind/20/bone = -1
bind/20/pose = Transform3D(6.12323e-17, 6.12323e-17, 1, -4.49019e-07, -1, 6.12324e-17, 1, -4.49019e-07, -6.12323e-17, -1.43532, -0.00313679, -1.17353e-09)
bind/21/name = &"B_Spine1"
bind/21/bone = -1
bind/21/pose = Transform3D(6.12323e-17, 6.12323e-17, 1, -4.49019e-07, -1, 6.12324e-17, 1, -4.49019e-07, -6.12323e-17, -1.65055, -0.00307651, -1.06381e-09)
bind/22/name = &"B_R_Forearm"
bind/22/bone = -1
bind/22/pose = Transform3D(-0.0978439, -0.100321, -0.990133, -0.0198349, 0.994905, -0.0988448, 0.995004, 0.00996786, -0.0993352, 1.50957, 0.111594, 0.603647)
bind/23/name = &"B_R_UpperArm"
bind/23/bone = -1
bind/23/pose = Transform3D(-0.0998342, 0.0993348, -0.990033, -4.77855e-06, 0.995004, 0.099834, 0.995004, 0.00997159, -0.099335, 1.88125, -0.190537, 0.603646)
bind/24/name = &"B_L_Forearm"
bind/24/bone = -1
bind/24/pose = Transform3D(0.097844, -0.100321, -0.990133, 0.0198327, 0.994905, -0.098845, 0.995004, -0.00996563, 0.0993352, 1.50957, 0.111594, -0.603647)
bind/25/name = &"B_L_UpperArm"
bind/25/bone = -1
bind/25/pose = Transform3D(0.0998337, 0.0993355, -0.990033, -2.14841e-06, 0.995004, 0.099834, 0.995004, -0.00996467, 0.0993351, 1.88125, -0.190535, -0.603647)
bind/26/name = &"B_L_Hand"
bind/26/bone = -1
bind/26/pose = Transform3D(0.0978441, -0.100321, -0.990133, -0.994988, 0.0107574, -0.0994139, 0.0206245, 0.994897, -0.0987658, 1.25509, 0.603736, 0.111113)
bind/27/name = &"B_L_Finger3"
bind/27/bone = -1
bind/27/pose = Transform3D(0.0978441, -0.100321, -0.990133, -0.995004, 0.00996466, -0.0993352, 0.0198317, 0.994905, -0.0988446, 1.08352, 0.638592, 0.0906935)
bind/28/name = &"B_L_Finger31"
bind/28/bone = -1
bind/28/pose = Transform3D(-0.134874, -0.0952984, -0.986269, -0.990665, 0.0328904, 0.132297, 0.0198311, 0.994905, -0.0988448, 1.1301, 0.387798, 0.090694)
bind/29/name = &"B_L_Finger2"
bind/29/bone = -1
bind/29/pose = Transform3D(0.0978443, -0.100321, -0.990133, -0.995004, 0.00996458, -0.0993354, 0.0198317, 0.994905, -0.0988446, 1.08352, 0.638592, 0.131119)
bind/30/name = &"B_L_Finger41"
bind/30/bone = -1
bind/30/pose = Transform3D(-0.134874, -0.0952979, -0.98627, -0.990664, 0.0328901, 0.132297, 0.0198308, 0.994905, -0.0988442, 1.14205, 0.384956, 0.0502677)
bind/31/name = &"B_L_Finger4"
bind/31/bone = -1
bind/31/pose = Transform3D(0.0978441, -0.100321, -0.990132, -0.995004, 0.00996271, -0.0993349, 0.0198298, 0.994905, -0.0988448, 1.08352, 0.638592, 0.050269)
bind/32/name = &"B_L_Finger11"
bind/32/bone = -1
bind/32/pose = Transform3D(-0.134874, -0.0952985, -0.98627, -0.990664, 0.0328929, 0.132297, 0.0198336, 0.994905, -0.0988452, 1.1301, 0.387798, 0.171544)
bind/33/name = &"B_L_Finger21"
bind/33/bone = -1
bind/33/pose = Transform3D(-0.134874, -0.0952985, -0.986269, -0.990664, 0.0328926, 0.132297, 0.0198333, 0.994905, -0.0988451, 1.11815, 0.390638, 0.131119)
bind/34/name = &"B_L_Finger01"
bind/34/bone = -1
bind/34/pose = Transform3D(-0.27537, -0.0715959, -0.958668, -0.519202, 0.850351, 0.0856304, 0.809074, 0.521323, -0.271334, 1.21196, 0.251819, -0.0143437)
bind/35/name = &"B_L_Finger1"
bind/35/bone = -1
bind/35/pose = Transform3D(0.0978441, -0.100321, -0.990132, -0.995004, 0.00996524, -0.0993352, 0.0198323, 0.994905, -0.098845, 1.08352, 0.638592, 0.171545)
bind/36/name = &"B_L_Finger12"
bind/36/bone = -1
bind/36/pose = Transform3D(-0.360282, -0.0851107, -0.928953, -0.932633, 0.0540359, 0.356758, 0.0198328, 0.994905, -0.0988451, 1.11743, 0.133029, 0.171545)
bind/37/name = &"B_L_Finger22"
bind/37/bone = -1
bind/37/pose = Transform3D(-0.360282, -0.0851106, -0.928953, -0.932633, 0.0540357, 0.356758, 0.0198327, 0.994905, -0.098845, 1.09451, 0.141396, 0.131119)
bind/38/name = &"B_L_Finger32"
bind/38/bone = -1
bind/38/pose = Transform3D(-0.360282, -0.0851106, -0.928953, -0.932633, 0.0540338, 0.356758, 0.0198309, 0.994905, -0.0988443, 1.11743, 0.133028, 0.0906935)
bind/39/name = &"B_R_Hand"
bind/39/bone = -1
bind/39/pose = Transform3D(-0.0978438, -0.100322, -0.990132, 0.994988, 0.0107605, -0.0994139, 0.0206277, -0.994897, 0.0987658, 1.25509, 0.603736, -0.111113)
bind/40/name = &"B_R_Finger3"
bind/40/bone = -1
bind/40/pose = Transform3D(-0.0978438, -0.100322, -0.990133, 0.995004, 0.00996827, -0.0993352, 0.0198354, -0.994905, 0.098845, 1.08352, 0.638592, -0.0906932)
bind/41/name = &"B_R_Finger31"
bind/41/bone = -1
bind/41/pose = Transform3D(0.134874, -0.0952982, -0.986269, 0.990664, 0.0328931, 0.132297, 0.0198338, -0.994905, 0.0988449, 1.1301, 0.387798, -0.0906939)
bind/42/name = &"B_R_Finger2"
bind/42/bone = -1
bind/42/pose = Transform3D(-0.0978438, -0.100321, -0.990133, 0.995004, 0.00996759, -0.0993351, 0.0198347, -0.994905, 0.0988449, 1.08352, 0.638592, -0.131119)
bind/43/name = &"B_R_Finger41"
bind/43/bone = -1
bind/43/pose = Transform3D(0.134874, -0.0952978, -0.986269, 0.990663, 0.0328926, 0.132297, 0.0198333, -0.994904, 0.0988444, 1.14205, 0.384957, -0.0502682)
bind/44/name = &"B_R_Finger4"
bind/44/bone = -1
bind/44/pose = Transform3D(-0.0978439, -0.100321, -0.990132, 0.995003, 0.00996831, -0.0993352, 0.0198354, -0.994904, 0.0988448, 1.08352, 0.638592, -0.0502672)
bind/45/name = &"B_R_Finger11"
bind/45/bone = -1
bind/45/pose = Transform3D(0.134874, -0.0952982, -0.986269, 0.990664, 0.0328946, 0.132297, 0.0198353, -0.994905, 0.098845, 1.1301, 0.387798, -0.171545)
bind/46/name = &"B_R_Finger21"
bind/46/bone = -1
bind/46/pose = Transform3D(0.134874, -0.0952981, -0.986269, 0.990664, 0.0328953, 0.132297, 0.019836, -0.994905, 0.0988451, 1.11815, 0.390638, -0.131118)
bind/47/name = &"B_R_Finger01"
bind/47/bone = -1
bind/47/pose = Transform3D(0.275371, -0.0715951, -0.958668, 0.5192, 0.850353, 0.0856304, 0.809076, -0.52132, 0.271334, 1.21196, 0.25182, 0.0143436)
bind/48/name = &"B_R_Finger1"
bind/48/bone = -1
bind/48/pose = Transform3D(-0.0978437, -0.100321, -0.990133, 0.995004, 0.00996856, -0.0993351, 0.0198356, -0.994905, 0.0988448, 1.08352, 0.638592, -0.171544)
bind/49/name = &"B_R_Finger12"
bind/49/bone = -1
bind/49/pose = Transform3D(0.360282, -0.0851095, -0.928953, 0.932633, 0.054038, 0.356758, 0.0198352, -0.994905, 0.0988448, 1.11743, 0.133028, -0.171544)
bind/50/name = &"B_R_Finger22"
bind/50/bone = -1
bind/50/pose = Transform3D(0.360282, -0.0851096, -0.928953, 0.932633, 0.0540382, 0.356758, 0.0198354, -0.994905, 0.098845, 1.09451, 0.141396, -0.131119)
bind/51/name = &"B_R_Finger32"
bind/51/bone = -1
bind/51/pose = Transform3D(0.360282, -0.0851098, -0.928953, 0.932632, 0.0540363, 0.356758, 0.0198336, -0.994904, 0.0988444, 1.11743, 0.133028, -0.0906934)
